# Bessel+1990, according to Williams+2008 #source http://svo2.cab.inta-csic.es/theory/fps/index.php
Microns, Transmission
0.460 0.0000000000
0.465 0.0000000000
0.470 0.0000000000
0.480 0.0300000000
0.490 0.1630000000
0.500 0.4580000000
0.510 0.7800000000
0.520 0.9670000000
0.530 1.0000000000
0.540 0.9730000000
0.550 0.8980000000
0.560 0.7920000000
0.570 0.6840000000
0.580 0.5740000000
0.590 0.4610000000
0.600 0.3590000000
0.610 0.2700000000
0.620 0.1970000000
0.630 0.1350000000
0.640 0.0810000000
0.650 0.0450000000
0.660 0.0250000000
0.670 0.0170000000
0.680 0.0130000000
0.690 0.0090000000
0.700 0.0000000000