# Bessel+1990, according to Williams+2008
Microns, Transmission
0.290 0.0000000000
0.295 0.0000000000
0.300 0.0000000000
0.305 0.0160000000
0.310 0.0680000000
0.315 0.1670000000
0.320 0.2870000000
0.325 0.4230000000
0.330 0.5600000000
0.335 0.6730000000
0.340 0.7720000000
0.345 0.8410000000
0.350 0.9050000000
0.355 0.9430000000
0.360 0.9810000000
0.365 0.9930000000
0.370 1.0000000000
0.375 0.9890000000
0.380 0.9160000000
0.385 0.8040000000
0.390 0.6250000000
0.395 0.4230000000
0.400 0.2380000000
0.405 0.1140000000
0.410 0.0510000000
0.415 0.0190000000
0.420 0.0000000000